,Violation Location,counts
0,19,209247
1,6,158075
2,114,157238
3,13,141205
4,14,138000
5,109,111231
6,18,111160
7,1,110047
8,9,106397
9,115,100754
10,20,87125
11,61,86210
12,66,84782
13,112,84016
14,70,81164
15,103,78784
16,84,77609
17,108,77219
18,52,73631
19,10,71556
20,46,70530
21,110,66586
22,90,64077
23,102,63377
24,24,62221
25,104,62045
26,43,61590
27,62,60655
28,17,58049
29,23,55925
30,94,55794
31,44,55365
32,49,55117
33,79,54754
34,33,52458
35,67,50805
36,34,49189
37,107,48532
38,5,47944
39,83,47472
40,48,44539
41,68,44515
42,60,43969
43,28,42986
44,78,42982
45,77,42239
46,75,42100
47,106,41288
48,72,41182
49,47,39648
50,40,39483
51,88,39029
52,7,38569
53,45,36070
54,71,35138
55,26,29480
56,32,28278
57,50,27974
58,25,26807
59,120,26711
60,63,26575
61,41,26162
62,30,23296
63,105,21955
64,42,21877
65,121,20874
66,122,20635
67,111,20435
68,69,19385
69,73,19183
70,81,18570
71,76,17817
72,113,15455
73,101,12765
74,100,11494
75,123,6869
76,22,93
